/content/strawberry-5/train/000000000000.jpg 10,0,639,524,0
/content/strawberry-5/train/000000000001.jpg 0,0,635,640,0
/content/strawberry-5/train/000000000002.jpg 140,248,182,299,0 520,547,556,598,0 535,208,571,259,0 526,470,561,522,0 147,361,189,422,0 125,419,152,436,0 157,387,178,415,0 191,460,220,503,0 622,249,638,286,0 559,334,585,366,0 580,347,612,389,0 613,307,631,327,0
/content/strawberry-5/train/000000000003.jpg 27,1,621,614,0
/content/strawberry-5/train/000000000004.jpg 0,4,616,556,0 0,458,138,638,0
/content/strawberry-5/train/000000000005.jpg 221,84,259,165,0 277,154,318,210,0 195,258,222,289,0 254,288,289,337,0 208,358,252,421,0 201,428,228,475,0 603,264,630,301,0 600,334,627,368,0 606,385,633,422,0 513,503,552,548,0 531,533,570,593,0 570,543,602,586,0 601,544,635,591,0 496,601,521,637,0 283,4,311,33,0 234,113,256,164,0 169,418,181,449,0 187,417,201,441,0
/content/strawberry-5/train/000000000006.jpg 0,32,625,634,0
/content/strawberry-5/train/000000000007.jpg 21,29,621,619,0
/content/strawberry-5/train/000000000008.jpg 23,7,626,618,0
/content/strawberry-5/train/000000000009.jpg 32,78,634,639,0
/content/strawberry-5/train/000000000010.jpg 52,25,640,638,0
/content/strawberry-5/train/000000000011.jpg 16,20,600,615,0
/content/strawberry-5/train/000000000012.jpg 59,7,639,624,0
/content/strawberry-5/train/000000000013.jpg 0,11,627,639,0
/content/strawberry-5/train/000000000014.jpg 0,0,631,633,0
/content/strawberry-5/train/000000000015.jpg 50,73,611,610,0
/content/strawberry-5/train/000000000016.jpg 41,52,588,595,0
/content/strawberry-5/train/000000000017.jpg 0,0,618,640,0
/content/strawberry-5/train/000000000018.jpg 34,15,632,610,0
/content/strawberry-5/train/000000000019.jpg 39,40,606,615,0 527,2,639,228,0
/content/strawberry-5/train/000000000020.jpg 14,20,587,627,0
/content/strawberry-5/train/000000000021.jpg 0,6,620,561,0 0,461,138,639,0
/content/strawberry-5/train/000000000022.jpg 39,34,611,592,0
/content/strawberry-5/train/000000000023.jpg 6,0,639,628,0
/content/strawberry-5/train/000000000024.jpg 0,0,638,613,0
/content/strawberry-5/train/000000000025.jpg 10,37,630,628,0
/content/strawberry-5/train/000000000026.jpg 0,0,640,621,0
/content/strawberry-5/train/000000000027.jpg 0,0,632,572,0
/content/strawberry-5/train/000000000028.jpg 0,0,640,640,0
/content/strawberry-5/train/000000000029.jpg 1,7,640,640,0
/content/strawberry-5/train/000000000030.jpg 48,23,625,633,0
/content/strawberry-5/train/000000000031.jpg 0,0,640,640,0
/content/strawberry-5/train/000000000032.jpg 42,7,628,626,0
/content/strawberry-5/train/000000000033.jpg 0,0,640,640,0
/content/strawberry-5/train/000000000034.jpg 16,0,640,638,0
/content/strawberry-5/train/000000000035.jpg 0,58,629,640,0
/content/strawberry-5/train/000000000036.jpg 31,20,629,597,0
/content/strawberry-5/train/000000000037.jpg 615,437,640,490,0 140,109,181,169,0 232,32,276,93,0 190,214,243,281,0 166,313,197,357,0 259,342,289,386,0 206,420,238,462,0 205,6,245,60,0 141,482,173,510,0 555,535,585,578,0 568,483,596,519,0 619,567,640,601,0 476,560,500,588,0 217,487,240,509,0 239,237,264,269,0 573,586,599,614,0 588,536,617,581,0 235,171,259,185,0
/content/strawberry-5/train/000000000038.jpg 0,65,636,639,0
/content/strawberry-5/train/000000000039.jpg 23,0,640,638,0 33,416,221,640,0
/content/strawberry-5/train/000000000040.jpg 9,27,616,588,0
/content/strawberry-5/train/000000000041.jpg 0,0,587,640,0 334,0,488,34,0
/content/strawberry-5/train/000000000042.jpg 239,54,285,112,0 111,581,152,634,0 224,305,268,364,0 521,541,560,596,0 167,523,197,566,0 564,486,601,544,0 289,52,308,83,0 300,68,332,108,0 149,601,187,639,0 566,442,589,481,0 585,436,604,484,0 343,14,368,36,0 239,223,271,259,0 240,190,261,223,0
/content/strawberry-5/train/000000000043.jpg 24,0,617,611,0
/content/strawberry-5/train/000000000044.jpg 5,0,583,613,0
/content/strawberry-5/train/000000000045.jpg 37,8,625,629,0
/content/strawberry-5/train/000000000046.jpg 19,29,626,639,0
/content/strawberry-5/train/000000000047.jpg 61,39,640,634,0
/content/strawberry-5/train/000000000048.jpg 2,5,627,638,0
/content/strawberry-5/train/000000000049.jpg 20,3,634,635,0 431,1,639,625,0 219,585,534,632,0
/content/strawberry-5/train/000000000050.jpg 35,9,624,627,0
/content/strawberry-5/train/000000000051.jpg 14,0,629,622,0
/content/strawberry-5/train/000000000052.jpg 36,64,638,621,0 513,169,639,618,0
/content/strawberry-5/train/000000000053.jpg 597,398,634,447,0 612,539,639,587,0 561,577,587,610,0 217,380,252,428,0 291,160,321,201,0 295,112,332,161,0 239,184,285,241,0 253,241,291,288,0 250,339,291,393,0 345,0,381,30,0 307,0,344,11,0 258,309,284,334,0 601,518,627,546,0 237,489,265,524,0 166,592,192,632,0
/content/strawberry-5/train/000000000054.jpg 77,14,628,631,0
/content/strawberry-5/train/000000000055.jpg 24,85,596,584,0
/content/strawberry-5/train/000000000056.jpg 0,0,627,608,0
/content/strawberry-5/train/000000000057.jpg 0,0,640,639,0
/content/strawberry-5/train/000000000058.jpg 54,3,640,640,0
/content/strawberry-5/train/000000000059.jpg 25,101,617,632,0
/content/strawberry-5/train/000000000060.jpg 71,8,639,640,0
/content/strawberry-5/train/000000000061.jpg 13,16,639,639,0
/content/strawberry-5/train/000000000062.jpg 17,53,631,610,0
/content/strawberry-5/train/000000000063.jpg 0,0,640,627,0
/content/strawberry-5/train/000000000064.jpg 17,15,631,631,0
/content/strawberry-5/train/000000000065.jpg 0,0,622,640,0
/content/strawberry-5/train/000000000066.jpg 1,12,639,639,0
/content/strawberry-5/train/000000000067.jpg 10,36,640,639,0
/content/strawberry-5/train/000000000068.jpg 35,44,603,618,0
/content/strawberry-5/train/000000000069.jpg 13,0,628,626,0
/content/strawberry-5/train/000000000070.jpg 0,7,624,640,0
/content/strawberry-5/train/000000000071.jpg 49,3,638,639,0
/content/strawberry-5/train/000000000072.jpg 0,0,640,640,0
/content/strawberry-5/train/000000000073.jpg 238,97,275,150,0 284,127,333,197,0 526,470,551,508,0 546,517,578,562,0 586,530,620,578,0 517,587,548,628,0 217,556,237,586,0 207,521,246,566,0 169,473,187,500,0 187,609,203,636,0 291,56,330,109,0 298,9,325,46,0 604,455,626,479,0 557,431,577,468,0 576,393,607,429,0 567,381,579,410,0 593,413,623,440,0 628,441,637,486,0 179,400,192,425,0 216,357,231,382,0 233,448,260,501,0
/content/strawberry-5/train/000000000074.jpg 29,0,639,637,0
/content/strawberry-5/train/000000000075.jpg 30,100,598,614,0 219,464,640,637,0
/content/strawberry-5/train/000000000076.jpg 10,0,640,638,0
/content/strawberry-5/train/000000000077.jpg 74,0,606,635,0
/content/strawberry-5/train/000000000078.jpg 564,379,608,435,0 125,94,166,155,0 222,5,274,73,0 163,194,215,263,0 128,296,160,342,0 219,317,250,363,0 157,400,190,445,0 203,0,240,39,0 86,468,120,499,0 494,483,525,528,0 513,431,541,468,0 555,509,583,545,0 412,515,438,546,0 161,467,186,492,0 212,214,237,247,0 508,534,534,564,0 529,482,556,528,0 215,147,241,165,0
/content/strawberry-5/train/000000000079.jpg 33,77,617,612,0
/content/strawberry-5/train/000000000080.jpg 0,55,623,629,0
/content/strawberry-5/train/000000000081.jpg 21,85,613,619,0
/content/strawberry-5/train/000000000082.jpg 8,0,640,622,0
/content/strawberry-5/train/000000000083.jpg 16,32,562,636,0 331,0,640,213,0
/content/strawberry-5/train/000000000084.jpg 24,32,613,638,0
/content/strawberry-5/train/000000000085.jpg 20,0,586,610,0
/content/strawberry-5/train/000000000086.jpg 2,0,640,633,0
/content/strawberry-5/train/000000000087.jpg 19,39,611,612,0
/content/strawberry-5/train/000000000088.jpg 54,20,619,627,0
/content/strawberry-5/train/000000000089.jpg 5,0,631,634,0
/content/strawberry-5/train/000000000090.jpg 9,31,640,630,0
/content/strawberry-5/train/000000000091.jpg 12,78,640,629,0
/content/strawberry-5/train/000000000092.jpg 1,14,636,640,0
/content/strawberry-5/train/000000000093.jpg 23,31,579,612,0
/content/strawberry-5/train/000000000094.jpg 88,24,640,598,0
/content/strawberry-5/train/000000000095.jpg 104,39,609,574,0
/content/strawberry-5/train/000000000096.jpg 45,22,625,606,0
/content/strawberry-5/train/000000000097.jpg 73,12,629,622,0
/content/strawberry-5/train/000000000098.jpg 0,11,576,640,0
/content/strawberry-5/train/000000000099.jpg 13,18,639,640,0
/content/strawberry-5/train/000000000100.jpg 2,115,592,635,0 0,72,62,234,0
/content/strawberry-5/train/000000000101.jpg 569,473,602,514,0 239,230,295,303,0 209,216,250,279,0 553,521,584,562,0 619,377,640,422,0 216,498,236,526,0 219,463,254,506,0 623,520,639,573,0 551,591,579,627,0 236,510,269,548,0 258,10,288,63,0 590,592,618,617,0 215,418,226,432,0 222,430,236,442,0 189,371,208,392,0
/content/strawberry-5/train/000000000102.jpg 44,41,599,625,0
/content/strawberry-5/train/000000000103.jpg 148,386,192,442,0 280,53,334,121,0 187,408,236,472,0 204,327,243,377,0 211,286,245,331,0 445,555,478,601,0 549,468,578,504,0 489,500,522,544,0 524,448,552,485,0 569,430,599,480,0
/content/strawberry-5/train/000000000104.jpg 23,67,630,618,0
/content/strawberry-5/train/000000000105.jpg 27,68,615,619,0
/content/strawberry-5/train/000000000106.jpg 11,26,580,627,0
/content/strawberry-5/train/000000000107.jpg 14,18,623,640,0
/content/strawberry-5/train/000000000108.jpg 0,20,547,640,0
/content/strawberry-5/train/000000000109.jpg 15,83,639,639,0
/content/strawberry-5/train/000000000110.jpg 153,72,192,128,0 491,357,527,410,0 584,101,624,158,0 133,277,181,349,0 180,21,221,79,0 108,345,148,400,0 131,354,172,410,0 103,452,138,510,0 552,294,581,327,0 552,243,582,289,0 580,237,616,290,0 616,257,637,294,0 213,5,253,31,0 462,341,488,377,0 613,144,639,183,0
/content/strawberry-5/train/000000000111.jpg 30,68,617,628,0 2,302,207,640,0
/content/strawberry-5/train/000000000112.jpg 16,19,619,620,0
/content/strawberry-5/train/000000000113.jpg 213,386,251,439,0 299,52,348,118,0 255,407,301,470,0 259,326,294,375,0 260,284,292,329,0 534,551,567,598,0 626,465,639,500,0 572,498,601,541,0 596,444,627,484,0
/content/strawberry-5/train/000000000114.jpg 0,82,623,634,0
/content/strawberry-5/train/000000000115.jpg 0,0,622,640,0
/content/strawberry-5/train/000000000116.jpg 16,12,632,639,0
/content/strawberry-5/train/000000000117.jpg 0,6,622,624,0
/content/strawberry-5/train/000000000118.jpg 0,3,630,640,0
/content/strawberry-5/train/000000000119.jpg 246,7,281,58,0 245,6,281,58,0 216,229,245,285,0 172,368,202,420,0 144,589,169,626,0 171,9,219,79,0 189,158,216,205,0 145,166,168,198,0 525,513,549,549,0 543,481,577,534,0 600,357,631,408,0 607,284,640,319,0 539,446,571,479,0 596,436,634,473,0 164,444,191,483,0 148,505,187,544,0 502,542,520,566,0 488,625,508,640,0
/content/strawberry-5/train/000000000120.jpg 22,40,639,639,0
/content/strawberry-5/train/000000000121.jpg 0,3,603,640,0
/content/strawberry-5/train/000000000122.jpg 30,29,608,619,0
/content/strawberry-5/train/000000000123.jpg 3,42,617,608,0
/content/strawberry-5/train/000000000124.jpg 19,24,597,622,0
/content/strawberry-5/train/000000000125.jpg 12,61,624,639,0
/content/strawberry-5/train/000000000126.jpg 178,210,216,267,0 250,167,288,222,0 227,7,260,51,0 319,76,356,125,0 155,533,179,571,0 203,356,229,374,0 245,262,271,295,0 520,408,544,440,0 604,445,631,488,0 622,427,640,468,0 565,524,585,565,0 606,540,636,587,0 189,470,206,485,0
/content/strawberry-5/train/000000000127.jpg 21,46,612,604,0
/content/strawberry-5/train/000000000128.jpg 0,0,640,640,0
/content/strawberry-5/train/000000000129.jpg 26,78,602,623,0
/content/strawberry-5/train/000000000130.jpg 24,82,596,601,0
/content/strawberry-5/train/000000000131.jpg 0,4,639,640,0
/content/strawberry-5/train/000000000132.jpg 40,61,640,639,0
/content/strawberry-5/train/000000000133.jpg 11,4,591,639,0 323,0,640,210,0
/content/strawberry-5/train/000000000134.jpg 30,28,616,623,0
/content/strawberry-5/train/000000000135.jpg 3,1,588,639,0
/content/strawberry-5/train/000000000136.jpg 0,99,622,640,0
/content/strawberry-5/train/000000000137.jpg 21,6,639,639,0 485,28,640,182,0
/content/strawberry-5/train/000000000138.jpg 152,278,206,352,0 194,91,242,155,0 144,396,188,456,0 531,428,579,494,0 545,455,606,539,0 577,441,611,487,0 594,411,627,466,0 590,277,624,318,0 607,214,630,251,0 147,220,170,277,0 83,452,102,474,0 232,49,250,72,0 561,504,580,530,0
/content/strawberry-5/train/000000000139.jpg 19,43,625,631,0
/content/strawberry-5/train/000000000140.jpg 0,30,638,640,0
/content/strawberry-5/train/000000000141.jpg 585,424,622,470,0 250,209,303,283,0 216,196,261,263,0 571,474,604,517,0 631,324,639,371,0 235,480,254,508,0 235,443,272,489,0 572,545,600,582,0 254,488,290,529,0 260,0,289,42,0 611,543,639,570,0 230,401,241,416,0 237,411,252,425,0 203,354,222,377,0
/content/strawberry-5/train/000000000142.jpg 17,1,624,591,0
/content/strawberry-5/train/000000000143.jpg 195,299,227,346,0 186,356,206,384,0 200,367,230,411,0 138,431,174,478,0 174,477,196,515,0 202,115,231,154,0 239,136,282,192,0 229,109,264,134,0 244,16,266,38,0 257,15,300,42,0 612,271,640,319,0 561,359,588,397,0 599,348,627,389,0 588,459,612,483,0 583,412,612,455,0 543,528,569,573,0 562,557,588,591,0 579,522,601,553,0 567,485,608,524,0 514,547,542,586,0 467,579,489,610,0 541,628,561,639,0 611,462,632,497,0 630,469,640,499,0
/content/strawberry-5/train/000000000144.jpg 21,11,639,626,0
/content/strawberry-5/train/000000000145.jpg 0,0,627,640,0
/content/strawberry-5/train/000000000146.jpg 0,17,639,639,0
/content/strawberry-5/train/000000000147.jpg 0,13,593,640,0
/content/strawberry-5/train/000000000148.jpg 1,16,640,640,0
/content/strawberry-5/train/000000000149.jpg 0,19,638,640,0
/content/strawberry-5/train/000000000150.jpg 14,29,594,630,0
/content/strawberry-5/train/000000000151.jpg 0,9,595,640,0
/content/strawberry-5/train/000000000152.jpg 0,72,605,639,0
/content/strawberry-5/train/000000000153.jpg 1,0,640,640,0
/content/strawberry-5/train/000000000154.jpg 72,14,609,635,0
/content/strawberry-5/train/000000000155.jpg 12,0,640,631,0
/content/strawberry-5/train/000000000156.jpg 19,14,627,632,0
/content/strawberry-5/train/000000000157.jpg 26,93,640,640,0
/content/strawberry-5/train/000000000158.jpg 152,83,207,154,0 594,220,638,286,0 549,404,586,459,0 545,535,583,600,0 568,340,595,380,0 163,508,197,559,0 568,473,592,506,0 516,509,533,539,0 141,601,164,638,0
/content/strawberry-5/train/000000000159.jpg 0,0,640,640,0
/content/strawberry-5/train/000000000160.jpg 24,22,568,617,0 0,0,178,233,0
/content/strawberry-5/train/000000000161.jpg 13,40,639,633,0
/content/strawberry-5/train/000000000162.jpg 120,406,163,466,0 243,210,300,273,0 317,32,354,80,0 165,578,205,630,0 329,78,369,133,0 295,67,327,114,0 299,242,331,281,0 178,366,213,405,0 166,335,197,380,0 220,532,238,561,0 540,564,566,597,0 563,583,583,616,0 575,541,601,587,0 523,634,547,639,0 258,381,290,422,0 251,383,273,415,0
/content/strawberry-5/train/000000000163.jpg 130,354,175,418,0 185,87,230,152,0 232,220,270,274,0 542,405,578,453,0 568,518,601,566,0 562,491,580,517,0 500,531,525,563,0 484,586,515,627,0 161,154,188,176,0 210,214,230,245,0 619,228,639,269,0 614,327,639,366,0
/content/strawberry-5/train/000000000164.jpg 43,23,636,585,0 4,2,248,139,0
/content/strawberry-5/train/000000000165.jpg 0,38,609,640,0
/content/strawberry-5/train/000000000166.jpg 0,0,640,640,0
/content/strawberry-5/train/000000000167.jpg 29,62,629,617,0
/content/strawberry-5/train/000000000168.jpg 0,0,640,640,0
/content/strawberry-5/train/000000000169.jpg 20,4,639,633,0 527,0,639,212,0
/content/strawberry-5/train/000000000170.jpg 35,22,618,623,0
/content/strawberry-5/train/000000000171.jpg 17,19,639,525,0
/content/strawberry-5/train/000000000172.jpg 10,67,639,640,0
/content/strawberry-5/train/000000000173.jpg 17,21,572,637,0 475,0,639,187,0
/content/strawberry-5/train/000000000174.jpg 24,23,616,623,0
/content/strawberry-5/train/000000000175.jpg 43,9,629,622,0
/content/strawberry-5/train/000000000176.jpg 25,20,577,636,0
/content/strawberry-5/train/000000000177.jpg 1,19,468,601,0
/content/strawberry-5/train/000000000178.jpg 104,11,620,598,0
/content/strawberry-5/train/000000000179.jpg 15,64,637,640,0
/content/strawberry-5/train/000000000180.jpg 9,19,626,639,0 6,327,155,640,0
/content/strawberry-5/train/000000000181.jpg 14,9,639,594,0
/content/strawberry-5/train/000000000182.jpg 0,58,633,640,0
/content/strawberry-5/train/000000000183.jpg 0,0,638,638,0
/content/strawberry-5/train/000000000184.jpg 29,7,640,606,0
/content/strawberry-5/train/000000000185.jpg 68,77,567,620,0
/content/strawberry-5/train/000000000186.jpg 124,234,171,287,0 490,503,526,553,0 522,163,561,215,0 500,426,537,478,0 126,347,169,407,0 103,409,129,424,0 135,372,159,401,0 164,442,198,486,0 610,197,627,233,0 541,287,569,320,0 560,298,596,341,0 596,256,616,277,0
/content/strawberry-5/train/000000000187.jpg 26,23,639,631,0
/content/strawberry-5/train/000000000188.jpg 15,0,639,617,0
/content/strawberry-5/train/000000000189.jpg 193,288,222,333,0 182,346,202,373,0 197,356,224,397,0 133,424,167,468,0 169,467,190,504,0 203,104,229,140,0 240,124,279,175,0 228,96,261,118,0 245,2,266,21,0 257,1,298,24,0 610,237,639,283,0 559,327,582,361,0 598,315,621,353,0 583,426,607,449,0 580,379,607,419,0 538,497,564,541,0 557,526,579,557,0 575,489,594,518,0 563,453,602,489,0 510,518,535,554,0 495,615,525,640,0 461,553,481,582,0 536,598,554,625,0 568,618,590,640,0 606,427,626,461,0 625,433,639,463,0
/content/strawberry-5/train/000000000190.jpg 10,0,640,634,0 216,0,424,51,0
/content/strawberry-5/train/000000000191.jpg 13,1,639,639,0
/content/strawberry-5/train/000000000192.jpg 39,39,596,569,0
/content/strawberry-5/train/000000000193.jpg 0,13,628,640,0
/content/strawberry-5/train/000000000194.jpg 0,0,624,640,0
/content/strawberry-5/train/000000000195.jpg 3,4,606,630,0
/content/strawberry-5/train/000000000196.jpg 0,0,602,613,0
/content/strawberry-5/train/000000000197.jpg 23,19,624,612,0
/content/strawberry-5/train/000000000198.jpg 0,0,640,639,0
/content/strawberry-5/train/000000000199.jpg 0,57,636,640,0
/content/strawberry-5/train/000000000200.jpg 66,8,621,624,0
/content/strawberry-5/train/000000000201.jpg 0,0,639,639,0 483,0,639,133,0
/content/strawberry-5/train/000000000202.jpg 27,0,632,622,0
/content/strawberry-5/train/000000000203.jpg 243,77,285,134,0 292,103,346,177,0 555,430,583,470,0 579,476,614,523,0 620,486,640,537,0 553,548,589,593,0 252,539,274,570,0 238,502,283,552,0 199,460,218,488,0 225,595,244,624,0 292,30,341,89,0 298,0,328,25,0 633,411,640,438,0 584,390,609,429,0 599,349,634,389,0 591,340,605,370,0 619,369,640,399,0 205,386,219,412,0 239,341,256,367,0 260,428,295,484,0
/content/strawberry-5/train/000000000204.jpg 41,0,639,609,0
/content/strawberry-5/train/000000000205.jpg 0,38,610,640,0
/content/strawberry-5/train/000000000206.jpg 0,0,640,640,0
/content/strawberry-5/train/000000000207.jpg 107,342,161,413,0 177,73,227,142,0 216,203,261,263,0 519,370,561,423,0 541,483,577,533,0 536,457,557,486,0 474,500,501,533,0 453,555,488,600,0 153,143,181,166,0 198,200,222,233,0 604,190,628,233,0 596,289,624,331,0
/content/strawberry-5/train/000000000208.jpg 0,0,595,640,0
/content/strawberry-5/train/000000000209.jpg 0,1,639,640,0
/content/strawberry-5/train/000000000210.jpg 0,10,620,626,0
/content/strawberry-5/train/000000000211.jpg 0,10,625,633,0
/content/strawberry-5/train/000000000212.jpg 0,0,635,639,0
/content/strawberry-5/train/000000000213.jpg 1,0,640,639,0
/content/strawberry-5/train/000000000214.jpg 67,40,621,612,0
/content/strawberry-5/train/000000000215.jpg 238,0,283,45,0 240,0,282,44,0 191,214,227,273,0 136,355,173,410,0 92,578,120,617,0 163,0,219,70,0 170,145,204,196,0 129,156,155,190,0 478,480,508,519,0 499,447,538,502,0 564,319,603,374,0 579,245,617,285,0 499,412,534,448,0 555,397,600,440,0 122,431,156,474,0 103,494,144,535,0 455,512,476,538,0 436,595,457,611,0
/content/strawberry-5/train/000000000216.jpg 15,25,612,637,0 4,333,127,637,0
/content/strawberry-5/train/000000000217.jpg 17,17,634,573,0
/content/strawberry-5/train/000000000218.jpg 39,87,593,632,0 525,298,638,638,0
/content/strawberry-5/train/000000000219.jpg 0,0,618,636,0
/content/strawberry-5/train/000000000220.jpg 10,82,595,629,0
/content/strawberry-5/train/000000000221.jpg 0,0,640,639,0
/content/strawberry-5/train/000000000222.jpg 0,0,606,640,0
/content/strawberry-5/train/000000000223.jpg 19,0,639,625,0 216,0,425,57,0
/content/strawberry-5/train/000000000224.jpg 17,100,608,623,0
/content/strawberry-5/train/000000000225.jpg 0,9,637,640,0
/content/strawberry-5/train/000000000226.jpg 36,0,640,589,0 0,0,259,150,0
/content/strawberry-5/train/000000000227.jpg 565,534,593,567,0 581,500,624,558,0 245,14,283,65,0 173,18,228,87,0 160,185,183,202,0 162,176,184,189,0 204,168,238,212,0 174,130,191,147,0 199,377,236,416,0 196,448,232,492,0 190,593,223,632,0 633,307,640,342,0 632,383,640,416,0 574,467,608,499,0 635,458,639,499,0 193,519,232,554,0 580,639,607,639,0 225,237,273,297,0
/content/strawberry-5/train/000000000228.jpg 27,48,608,616,0
/content/strawberry-5/train/000000000229.jpg 20,73,610,613,0
/content/strawberry-5/train/000000000230.jpg 15,55,614,629,0
/content/strawberry-5/train/000000000231.jpg 0,16,576,640,0 460,27,640,225,0
/content/strawberry-5/train/000000000232.jpg 25,35,600,587,0
/content/strawberry-5/train/000000000233.jpg 0,12,624,639,0
/content/strawberry-5/train/000000000234.jpg 18,49,601,611,0
/content/strawberry-5/train/000000000235.jpg 2,1,634,619,0
/content/strawberry-5/train/000000000236.jpg 0,9,639,640,0
/content/strawberry-5/train/000000000237.jpg 0,32,638,640,0
/content/strawberry-5/train/000000000238.jpg 20,23,622,624,0
/content/strawberry-5/train/000000000239.jpg 0,0,613,624,0
/content/strawberry-5/train/000000000240.jpg 29,0,622,622,0 516,0,640,198,0
/content/strawberry-5/train/000000000241.jpg 19,9,623,625,0
/content/strawberry-5/train/000000000242.jpg 0,0,633,635,0
/content/strawberry-5/train/000000000243.jpg 184,203,224,261,0 255,158,295,215,0 226,0,262,45,0 320,65,360,117,0 169,527,195,566,0 213,349,239,368,0 251,254,279,289,0 531,392,557,427,0 615,426,639,471,0 632,407,639,449,0 580,507,602,548,0 619,520,639,570,0 203,463,221,479,0
/content/strawberry-5/train/000000000244.jpg 216,297,243,331,0 232,261,267,304,0 176,552,216,601,0 241,154,268,187,0 225,97,259,151,0 295,45,320,78,0 317,0,347,31,0 559,515,584,542,0 549,484,576,510,0 574,464,602,501,0 590,410,606,436,0 104,538,130,569,0 90,609,105,635,0 111,570,134,605,0 240,304,280,353,0 163,462,180,491,0 194,456,215,486,0 172,479,207,508,0 563,548,588,576,0 600,344,611,367,0 233,152,250,171,0
/content/strawberry-5/train/000000000245.jpg 0,26,639,640,0
/content/strawberry-5/train/000000000246.jpg 10,22,614,639,0
/content/strawberry-5/train/000000000247.jpg 12,22,631,624,0
/content/strawberry-5/train/000000000248.jpg 0,0,640,625,0
/content/strawberry-5/train/000000000249.jpg 238,104,281,162,0 285,135,340,210,0 535,487,563,527,0 557,536,591,583,0 598,550,633,599,0 528,604,564,640,0 229,563,250,594,0 218,527,259,574,0 179,478,198,506,0 200,615,218,639,0 292,66,333,120,0 296,18,327,58,0 614,476,637,502,0 566,450,589,488,0 583,412,617,451,0 576,400,589,429,0 603,434,633,462,0 637,462,639,507,0 188,406,202,432,0 223,364,241,391,0 243,456,272,509,0
/content/strawberry-5/train/000000000250.jpg 11,26,623,625,0
/content/strawberry-5/train/000000000251.jpg 0,0,640,640,0
/content/strawberry-5/train/000000000252.jpg 2,15,624,631,0 3,344,124,639,0
/content/strawberry-5/train/000000000253.jpg 0,0,640,640,0 0,341,104,640,0
/content/strawberry-5/train/000000000254.jpg 11,0,640,639,0
/content/strawberry-5/train/000000000255.jpg 30,33,605,632,0
/content/strawberry-5/train/000000000256.jpg 18,45,625,601,0
/content/strawberry-5/train/000000000257.jpg 20,68,623,639,0 510,328,639,639,0
/content/strawberry-5/train/000000000258.jpg 0,0,640,640,0
/content/strawberry-5/train/000000000259.jpg 17,0,640,639,0 479,541,639,640,0
/content/strawberry-5/train/000000000260.jpg 144,141,191,200,0 571,227,611,281,0 171,104,194,144,0 189,88,227,141,0 224,9,273,49,0 552,398,591,452,0 536,363,565,402,0 518,424,551,471,0 549,566,593,623,0 147,522,172,553,0 608,355,632,405,0 489,633,509,640,0 512,620,548,640,0 604,483,629,530,0 588,471,613,503,0 462,625,489,639,0
/content/strawberry-5/train/000000000261.jpg 161,103,209,167,0 104,356,141,406,0 152,219,202,278,0 158,272,204,328,0 128,142,155,179,0 207,0,249,34,0 475,358,515,410,0 394,540,422,574,0 457,474,496,525,0 486,489,510,520,0 495,381,534,433,0 567,300,595,338,0
/content/strawberry-5/train/000000000262.jpg 119,0,640,620,0
/content/strawberry-5/train/000000000263.jpg 38,17,626,636,0
/content/strawberry-5/train/000000000264.jpg 0,0,598,635,0
/content/strawberry-5/train/000000000265.jpg 40,21,639,598,0 0,0,255,152,0
/content/strawberry-5/train/000000000266.jpg 10,3,640,507,0
/content/strawberry-5/train/000000000267.jpg 0,0,637,640,0
/content/strawberry-5/train/000000000268.jpg 8,0,640,639,0
/content/strawberry-5/train/000000000269.jpg 150,360,204,429,0 189,97,242,168,0 244,233,289,292,0 567,436,608,488,0 601,551,637,601,0 593,524,612,551,0 534,560,561,594,0 519,613,556,640,0 171,163,199,186,0 223,226,247,259,0 634,264,640,306,0 634,362,640,404,0
/content/strawberry-5/train/000000000270.jpg 0,60,609,640,0
/content/strawberry-5/train/000000000271.jpg 30,44,639,640,0
/content/strawberry-5/train/000000000272.jpg 0,10,584,640,0 316,26,640,283,0
/content/strawberry-5/train/000000000273.jpg 0,0,640,640,0
/content/strawberry-5/train/000000000274.jpg 38,36,598,639,0
/content/strawberry-5/train/000000000275.jpg 5,91,640,640,0 4,70,79,237,0
/content/strawberry-5/train/000000000276.jpg 0,0,639,640,0
/content/strawberry-5/train/000000000277.jpg 0,0,639,640,0
/content/strawberry-5/train/000000000278.jpg 26,13,611,620,0
/content/strawberry-5/train/000000000279.jpg 26,39,639,605,0
/content/strawberry-5/train/000000000280.jpg 12,27,606,610,0
/content/strawberry-5/train/000000000281.jpg 22,65,619,615,0
/content/strawberry-5/train/000000000282.jpg 0,0,640,640,0
/content/strawberry-5/train/000000000283.jpg 0,75,629,640,0
/content/strawberry-5/train/000000000284.jpg 28,18,577,614,0
/content/strawberry-5/train/000000000285.jpg 21,28,538,625,0
/content/strawberry-5/train/000000000286.jpg 0,4,559,640,0 332,0,487,55,0
/content/strawberry-5/train/000000000287.jpg 5,41,640,640,0
/content/strawberry-5/train/000000000288.jpg 0,0,621,609,0
/content/strawberry-5/train/000000000289.jpg 0,0,640,640,0
/content/strawberry-5/train/000000000290.jpg 6,27,606,639,0
/content/strawberry-5/train/000000000291.jpg 13,30,591,623,0
/content/strawberry-5/train/000000000292.jpg 7,83,639,625,0
/content/strawberry-5/train/000000000293.jpg 0,20,612,640,0
/content/strawberry-5/train/000000000294.jpg 0,0,550,636,0
/content/strawberry-5/train/000000000295.jpg 0,0,640,640,0
/content/strawberry-5/train/000000000296.jpg 2,10,622,624,0
/content/strawberry-5/train/000000000297.jpg 17,46,613,624,0
/content/strawberry-5/train/000000000298.jpg 0,0,639,606,0
/content/strawberry-5/train/000000000299.jpg 23,0,639,617,0
/content/strawberry-5/train/000000000300.jpg 18,13,640,639,0
/content/strawberry-5/train/000000000301.jpg 5,19,639,639,0
/content/strawberry-5/train/000000000302.jpg 23,16,640,640,0
/content/strawberry-5/train/000000000303.jpg 0,0,640,640,0
/content/strawberry-5/train/000000000304.jpg 88,323,134,389,0 59,144,120,221,0 525,359,561,408,0 111,0,165,60,0 552,286,583,330,0 151,239,187,289,0 171,1,213,59,0 161,126,194,185,0 129,360,166,404,0 69,583,94,628,0 89,443,110,480,0
/content/strawberry-5/train/000000000305.jpg 0,0,640,640,0 0,0,395,156,0
/content/strawberry-5/train/000000000306.jpg 51,75,620,627,0
/content/strawberry-5/train/000000000307.jpg 23,10,615,640,0
/content/strawberry-5/train/000000000308.jpg 5,37,640,639,0
/content/strawberry-5/train/000000000309.jpg 191,103,243,172,0 120,230,150,269,0 579,266,626,323,0 206,5,247,27,0 493,442,515,472,0 558,483,593,527,0 514,544,537,575,0 525,564,560,608,0 577,522,605,557,0 175,247,207,281,0 192,214,215,245,0 182,174,210,209,0 147,493,182,514,0
/content/strawberry-5/train/000000000310.jpg 0,0,639,640,0
/content/strawberry-5/train/000000000311.jpg 25,5,639,634,0
/content/strawberry-5/train/000000000312.jpg 188,100,233,165,0 108,229,134,267,0 565,254,606,308,0 207,2,246,20,0 468,431,488,461,0 531,471,564,515,0 484,533,504,564,0 494,554,525,597,0 549,510,574,544,0 162,245,189,276,0 181,211,201,240,0 173,171,197,204,0 119,491,152,509,0
/content/strawberry-5/train/000000000313.jpg 524,517,547,548,0 543,481,581,537,0 247,6,278,55,0 173,13,220,79,0 146,181,166,196,0 149,172,169,182,0 192,162,220,203,0 164,125,179,141,0 169,371,202,409,0 161,444,191,485,0 143,590,170,626,0 610,286,639,320,0 625,255,639,291,0 603,362,633,393,0 538,449,569,479,0 600,437,628,477,0 152,516,185,547,0 487,626,510,638,0 531,622,556,636,0 209,231,248,286,0
/content/strawberry-5/train/000000000314.jpg 584,457,620,506,0 596,599,630,640,0 543,631,570,640,0 207,402,237,448,0 285,189,316,230,0 290,142,327,192,0 233,209,278,266,0 245,267,283,315,0 240,364,277,417,0 345,17,380,66,0 308,16,343,41,0 248,334,274,360,0 630,507,639,548,0 585,577,609,604,0 632,370,640,407,0 223,512,249,546,0 148,607,173,639,0
/content/strawberry-5/train/000000000315.jpg 22,5,534,600,0
/content/strawberry-5/train/000000000316.jpg 24,32,639,639,0
/content/strawberry-5/train/000000000317.jpg 140,68,201,144,0 570,177,624,250,0 516,366,559,425,0 499,495,550,566,0 539,301,571,345,0 122,495,161,548,0 531,434,559,470,0 477,474,498,506,0 95,590,122,629,0
/content/strawberry-5/train/000000000318.jpg 15,22,610,549,0 0,462,170,639,0
/content/strawberry-5/train/000000000319.jpg 138,16,600,634,0
/content/strawberry-5/train/000000000320.jpg 0,0,640,640,0
/content/strawberry-5/train/000000000321.jpg 0,2,639,639,0
/content/strawberry-5/train/000000000322.jpg 244,299,267,332,0 257,263,288,306,0 227,555,259,602,0 257,156,281,188,0 240,100,265,152,0 301,47,323,80,0 320,3,347,34,0 604,519,625,545,0 591,488,615,513,0 616,469,640,505,0 626,414,640,441,0 152,540,172,569,0 143,610,155,635,0 162,571,180,605,0 271,307,304,354,0 204,464,218,493,0 234,458,251,488,0 215,481,246,508,0 611,552,633,579,0 631,349,640,372,0 247,154,262,173,0
/content/strawberry-5/train/000000000323.jpg 2,12,630,639,0 434,406,632,628,0
/content/strawberry-5/train/000000000324.jpg 43,10,623,626,0
/content/strawberry-5/train/000000000325.jpg 164,288,212,359,0 201,102,242,162,0 160,406,197,461,0 548,453,590,514,0 564,482,617,560,0 592,466,625,511,0 611,438,640,490,0 602,304,633,342,0 616,241,636,277,0 156,228,176,284,0 98,458,115,479,0 235,60,252,82,0 578,529,595,553,0
/content/strawberry-5/train/000000000326.jpg 24,0,635,625,0
/content/strawberry-5/train/000000000327.jpg 0,68,624,639,0
/content/strawberry-5/train/000000000328.jpg 20,27,618,614,0
/content/strawberry-5/train/000000000329.jpg 68,47,602,618,0
/content/strawberry-5/train/000000000330.jpg 115,2,640,639,0
/content/strawberry-5/train/000000000331.jpg 0,0,598,640,0 371,9,555,87,0 437,569,486,639,0
/content/strawberry-5/train/000000000332.jpg 127,84,558,585,0
/content/strawberry-5/train/000000000333.jpg 0,0,578,640,0
/content/strawberry-5/train/000000000334.jpg 18,21,608,515,0
/content/strawberry-5/train/000000000335.jpg 0,3,626,639,0
/content/strawberry-5/train/000000000336.jpg 158,134,208,192,0 591,200,632,251,0 179,95,207,136,0 199,80,237,130,0 226,0,277,37,0 589,373,628,424,0 568,337,598,375,0 558,400,590,444,0 603,541,639,594,0 195,514,223,545,0 639,326,639,376,0 547,609,568,637,0 567,594,608,637,0 629,442,639,475,0 517,601,548,637,0
/content/strawberry-5/train/000000000337.jpg 50,29,621,620,0
/content/strawberry-5/train/000000000338.jpg 12,115,609,608,0
/content/strawberry-5/train/000000000339.jpg 0,0,617,591,0
/content/strawberry-5/train/000000000340.jpg 28,37,572,596,0
/content/strawberry-5/train/000000000341.jpg 0,32,640,640,0
/content/strawberry-5/train/000000000342.jpg 0,17,628,639,0
/content/strawberry-5/train/000000000343.jpg 155,394,193,451,0 262,189,314,248,0 322,6,356,50,0 213,562,246,609,0 337,51,371,103,0 302,43,329,86,0 319,216,348,253,0 208,350,240,386,0 196,320,221,360,0 262,511,276,537,0 582,517,606,548,0 607,534,622,565,0 616,492,638,536,0 570,588,591,619,0 289,359,316,396,0 281,361,300,391,0
/content/strawberry-5/train/000000000344.jpg 0,0,639,640,0
/content/strawberry-5/train/000000000345.jpg 0,0,640,640,0 0,0,399,142,0
/content/strawberry-5/train/000000000346.jpg 23,65,639,638,0
/content/strawberry-5/train/000000000347.jpg 33,11,637,639,0
/content/strawberry-5/train/000000000348.jpg 0,0,640,640,0
/content/strawberry-5/train/000000000349.jpg 0,26,618,630,0
/content/strawberry-5/train/000000000350.jpg 0,0,640,640,0
/content/strawberry-5/train/000000000351.jpg 0,50,632,630,0
/content/strawberry-5/train/000000000352.jpg 23,20,572,613,0 375,5,554,65,0 447,560,491,636,0
/content/strawberry-5/train/000000000353.jpg 204,36,225,71,0 219,17,262,72,0 132,472,178,516,0 611,397,640,466,0 592,343,630,393,0 611,308,640,357,0 542,550,563,577,0 557,515,591,545,0 552,481,575,510,0 568,430,621,493,0 532,421,567,468,0 522,600,548,640,0 546,622,572,640,0 535,577,561,614,0 584,601,614,639,0 638,560,639,583,0 631,510,639,534,0 219,436,241,463,0 206,633,224,639,0 194,201,222,229,0 251,89,287,144,0 198,535,218,562,0
/content/strawberry-5/train/000000000354.jpg 138,19,610,614,0
/content/strawberry-5/train/000000000355.jpg 0,0,639,639,0
/content/strawberry-5/train/000000000356.jpg 46,11,617,621,0
/content/strawberry-5/train/000000000357.jpg 0,0,640,640,0 30,334,184,640,0
/content/strawberry-5/train/000000000358.jpg 4,23,640,639,0 230,398,639,624,0
/content/strawberry-5/train/000000000359.jpg 142,243,184,293,0 524,529,558,578,0 539,191,571,239,0 531,453,562,502,0 152,357,189,413,0 128,416,154,430,0 161,382,180,408,0 195,454,222,494,0 627,228,640,264,0 563,316,587,346,0 583,327,615,367,0 615,286,633,305,0
/content/strawberry-5/train/000000000360.jpg 0,8,635,640,0
/content/strawberry-5/train/000000000361.jpg 14,18,620,621,0
/content/strawberry-5/train/000000000362.jpg 2,0,639,640,0
/content/strawberry-5/train/000000000363.jpg 5,22,606,618,0 487,1,640,225,0
/content/strawberry-5/train/000000000364.jpg 12,119,607,609,0
/content/strawberry-5/train/000000000365.jpg 0,0,640,640,0
/content/strawberry-5/train/000000000366.jpg 0,0,640,628,0
/content/strawberry-5/train/000000000367.jpg 24,85,616,624,0
/content/strawberry-5/train/000000000368.jpg 46,63,609,621,0 0,438,163,637,0
/content/strawberry-5/train/000000000369.jpg 27,112,600,631,0
/content/strawberry-5/train/000000000370.jpg 0,43,639,640,0
/content/strawberry-5/train/000000000371.jpg 29,0,639,607,0
/content/strawberry-5/train/000000000372.jpg 103,19,640,639,0
/content/strawberry-5/train/000000000373.jpg 6,16,563,627,0
/content/strawberry-5/train/000000000374.jpg 23,79,617,632,0
/content/strawberry-5/train/000000000375.jpg 21,20,628,620,0
/content/strawberry-5/train/000000000376.jpg 0,0,640,640,0
/content/strawberry-5/train/000000000377.jpg 75,1,640,632,0
/content/strawberry-5/train/000000000378.jpg 12,0,619,631,0
/content/strawberry-5/train/000000000379.jpg 1,33,639,640,0
/content/strawberry-5/train/000000000380.jpg 47,25,622,635,0 0,0,125,99,0 399,490,640,637,0
/content/strawberry-5/train/000000000381.jpg 12,20,543,634,0 335,4,486,49,0
/content/strawberry-5/train/000000000382.jpg 22,34,613,624,0
/content/strawberry-5/train/000000000383.jpg 26,0,634,624,0
/content/strawberry-5/train/000000000384.jpg 0,73,632,640,0
/content/strawberry-5/train/000000000385.jpg 30,0,640,627,0
/content/strawberry-5/train/000000000386.jpg 2,54,640,640,0
/content/strawberry-5/train/000000000387.jpg 15,0,609,638,0
/content/strawberry-5/train/000000000388.jpg 10,6,607,474,0
/content/strawberry-5/train/000000000389.jpg 18,2,639,639,0 0,0,127,103,0 393,491,636,640,0
/content/strawberry-5/train/000000000390.jpg 0,0,640,640,0
/content/strawberry-5/train/000000000391.jpg 0,0,640,640,0 383,30,640,640,0 207,596,524,639,0
/content/strawberry-5/train/000000000392.jpg 9,0,640,638,0
/content/strawberry-5/train/000000000393.jpg 2,0,639,639,0
/content/strawberry-5/train/000000000394.jpg 1,0,640,625,0 484,0,640,200,0
/content/strawberry-5/train/000000000395.jpg 22,36,573,639,0
/content/strawberry-5/train/000000000396.jpg 70,0,636,623,0 0,393,229,640,0 491,47,637,170,0
/content/strawberry-5/train/000000000397.jpg 17,13,605,473,0
/content/strawberry-5/train/000000000398.jpg 0,4,639,640,0
/content/strawberry-5/train/000000000399.jpg 22,9,638,640,0
/content/strawberry-5/train/000000000400.jpg 4,57,640,640,0
/content/strawberry-5/train/000000000401.jpg 0,0,627,640,0
/content/strawberry-5/train/000000000402.jpg 3,3,604,640,0 0,0,196,244,0
/content/strawberry-5/train/000000000403.jpg 19,32,640,637,0
/content/strawberry-5/train/000000000404.jpg 14,0,640,632,0
/content/strawberry-5/train/000000000405.jpg 27,40,639,639,0 38,436,219,639,0
/content/strawberry-5/train/000000000406.jpg 0,0,640,640,0
/content/strawberry-5/train/000000000407.jpg 28,94,638,625,0
/content/strawberry-5/train/000000000408.jpg 0,0,640,640,0
/content/strawberry-5/train/000000000409.jpg 145,77,187,135,0 462,373,506,431,0 571,119,619,181,0 107,279,166,356,0 174,27,220,88,0 81,348,128,406,0 102,357,152,417,0 69,455,110,515,0 529,312,563,348,0 532,261,568,310,0 559,256,604,313,0 597,278,621,316,0 210,10,255,42,0 437,357,465,393,0 601,166,630,206,0
/content/strawberry-5/train/000000000410.jpg 14,40,610,608,0
/content/strawberry-5/train/000000000411.jpg 1,55,631,639,0
/content/strawberry-5/train/000000000412.jpg 0,29,614,634,0
/content/strawberry-5/train/000000000413.jpg 6,93,640,640,0 4,69,84,240,0
/content/strawberry-5/train/000000000414.jpg 0,0,640,640,0
/content/strawberry-5/train/000000000415.jpg 8,0,636,635,0
/content/strawberry-5/train/000000000416.jpg 30,33,623,614,0 218,3,419,59,0
/content/strawberry-5/train/000000000417.jpg 49,96,612,606,0
/content/strawberry-5/train/000000000418.jpg 1,0,639,629,0
/content/strawberry-5/train/000000000419.jpg 140,85,206,163,0 575,239,628,310,0 523,422,568,481,0 511,552,559,621,0 548,360,576,401,0 132,513,171,566,0 539,492,567,528,0 486,526,507,558,0 106,605,134,640,0
/content/strawberry-5/train/000000000420.jpg 10,10,639,640,0
/content/strawberry-5/train/000000000421.jpg 39,123,599,616,0
/content/strawberry-5/train/000000000422.jpg 21,25,620,628,0
/content/strawberry-5/train/000000000423.jpg 7,61,639,639,0
/content/strawberry-5/train/000000000424.jpg 19,0,640,639,0
/content/strawberry-5/train/000000000425.jpg 16,52,622,627,0
/content/strawberry-5/train/000000000426.jpg 83,6,640,639,0 24,416,273,640,0 503,133,639,255,0
/content/strawberry-5/train/000000000427.jpg 13,0,628,622,0
/content/strawberry-5/train/000000000428.jpg 31,26,605,589,0
/content/strawberry-5/train/000000000429.jpg 213,80,261,165,0 269,149,316,209,0 188,255,217,287,0 244,283,284,335,0 196,354,245,420,0 188,424,220,473,0 594,255,624,293,0 590,326,619,362,0 595,377,624,415,0 499,495,543,543,0 515,525,560,588,0 556,536,589,579,0 587,537,622,585,0 479,594,508,632,0 282,0,310,28,0 229,109,255,161,0 157,415,172,446,0 176,414,192,439,0
/content/strawberry-5/train/000000000430.jpg 12,32,638,639,0
/content/strawberry-5/train/000000000431.jpg 13,0,640,638,0
/content/strawberry-5/train/000000000432.jpg 1,3,624,629,0
/content/strawberry-5/train/000000000433.jpg 0,0,640,640,0
/content/strawberry-5/train/000000000434.jpg 15,12,626,629,0
/content/strawberry-5/train/000000000435.jpg 26,4,617,630,0
/content/strawberry-5/train/000000000436.jpg 33,7,640,633,0
/content/strawberry-5/train/000000000437.jpg 30,44,638,606,0
/content/strawberry-5/train/000000000438.jpg 0,0,625,625,0
/content/strawberry-5/train/000000000439.jpg 107,15,602,625,0
/content/strawberry-5/train/000000000440.jpg 0,0,640,640,0
/content/strawberry-5/train/000000000441.jpg 0,0,600,640,0 459,19,640,213,0
/content/strawberry-5/train/000000000442.jpg 27,16,624,609,0
/content/strawberry-5/train/000000000443.jpg 10,0,640,639,0
/content/strawberry-5/train/000000000444.jpg 37,39,622,622,0
/content/strawberry-5/train/000000000445.jpg 31,12,576,618,0
/content/strawberry-5/train/000000000446.jpg 20,69,610,581,0
/content/strawberry-5/train/000000000447.jpg 46,3,640,639,0
/content/strawberry-5/train/000000000448.jpg 7,30,640,639,0
/content/strawberry-5/train/000000000449.jpg 175,111,216,173,0 136,363,168,411,0 176,228,217,282,0 185,281,224,334,0 142,148,167,184,0 213,1,247,40,0 509,378,542,426,0 439,557,463,589,0 500,494,533,542,0 528,509,548,539,0 532,402,563,450,0 596,323,620,360,0
/content/strawberry-5/train/000000000450.jpg 0,0,640,640,0
/content/strawberry-5/train/000000000451.jpg 21,18,469,585,0
/content/strawberry-5/train/000000000452.jpg 559,477,589,517,0 237,234,285,303,0 205,218,244,281,0 541,524,570,564,0 612,381,638,424,0 206,500,223,527,0 210,466,240,506,0 613,525,638,577,0 539,595,564,630,0 226,512,257,548,0 260,13,285,65,0 577,597,603,620,0 206,420,217,435,0 213,431,227,442,0 181,372,198,393,0
/content/strawberry-5/train/000000000453.jpg 64,11,623,616,0
/content/strawberry-5/train/000000000454.jpg 7,0,621,590,0
/content/strawberry-5/train/000000000455.jpg 41,83,639,639,0 547,315,639,639,0
/content/strawberry-5/train/000000000456.jpg 22,72,636,626,0
/content/strawberry-5/train/000000000457.jpg 0,0,640,640,0
/content/strawberry-5/train/000000000458.jpg 28,33,599,621,0
/content/strawberry-5/train/000000000459.jpg 32,32,618,630,0
/content/strawberry-5/train/000000000460.jpg 0,117,599,639,0
/content/strawberry-5/train/000000000461.jpg 0,17,587,610,0
/content/strawberry-5/train/000000000462.jpg 94,22,634,628,0
/content/strawberry-5/train/000000000463.jpg 159,215,205,276,0 233,174,279,234,0 223,15,259,60,0 310,87,351,139,0 117,538,145,577,0 179,363,206,383,0 225,270,254,305,0 490,425,519,460,0 571,465,603,510,0 589,448,612,490,0 529,544,551,585,0 566,560,602,610,0 158,476,176,491,0
/content/strawberry-5/train/000000000464.jpg 31,18,602,606,0
/content/strawberry-5/train/000000000465.jpg 15,77,613,615,0
/content/strawberry-5/train/000000000466.jpg 577,430,611,477,0 586,572,619,618,0 534,607,557,638,0 201,393,230,437,0 284,177,311,215,0 291,131,322,176,0 230,199,273,253,0 241,257,276,302,0 235,354,270,405,0 347,3,378,48,0 308,3,342,26,0 244,324,269,347,0 624,479,639,519,0 576,550,601,576,0 627,342,640,378,0 215,502,240,535,0 140,603,161,640,0
/content/strawberry-5/train/000000000467.jpg 9,61,623,625,0
/content/strawberry-5/train/000000000468.jpg 0,13,616,640,0
/content/strawberry-5/train/000000000469.jpg 26,0,640,638,0
/content/strawberry-5/train/000000000470.jpg 22,0,639,569,0
/content/strawberry-5/train/000000000471.jpg 41,0,640,638,0
/content/strawberry-5/train/000000000472.jpg 6,0,639,639,0
/content/strawberry-5/train/000000000473.jpg 76,331,117,393,0 55,153,109,224,0 511,392,543,438,0 114,2,160,65,0 540,319,569,361,0 141,249,175,297,0 172,14,208,68,0 157,138,184,194,0 115,370,148,410,0 45,587,69,631,0 71,449,91,485,0
/content/strawberry-5/train/000000000474.jpg 33,14,631,630,0
/content/strawberry-5/train/000000000475.jpg 16,15,613,611,0
/content/strawberry-5/train/000000000476.jpg 3,54,615,626,0
/content/strawberry-5/train/000000000477.jpg 13,25,624,602,0
/content/strawberry-5/train/000000000478.jpg 0,33,634,614,0
/content/strawberry-5/train/000000000479.jpg 13,31,557,616,0
/content/strawberry-5/train/000000000480.jpg 143,78,190,139,0 465,380,505,435,0 573,127,618,187,0 107,281,166,359,0 173,29,219,91,0 81,349,128,408,0 102,358,153,420,0 67,455,111,517,0 529,318,564,355,0 531,267,568,317,0 559,262,604,319,0 596,284,622,323,0 210,13,254,44,0 436,361,467,400,0 600,172,630,214,0
/content/strawberry-5/train/000000000481.jpg 10,14,640,594,0
/content/strawberry-5/train/000000000482.jpg 0,0,633,635,0
/content/strawberry-5/train/000000000483.jpg 34,34,618,616,0
/content/strawberry-5/train/000000000484.jpg 46,0,640,634,0
/content/strawberry-5/train/000000000485.jpg 27,20,619,631,0
/content/strawberry-5/train/000000000486.jpg 249,46,288,101,0 164,576,198,627,0 254,297,292,353,0 568,521,603,575,0 212,515,238,557,0 610,467,640,521,0 295,42,310,73,0 310,58,336,95,0 201,594,235,637,0 606,421,622,459,0 624,414,638,462,0 346,2,368,23,0 261,215,288,248,0 258,181,277,213,0
/content/strawberry-5/train/000000000487.jpg 14,58,623,631,0
/content/strawberry-5/train/000000000488.jpg 596,428,634,479,0 136,107,172,165,0 231,28,272,89,0 184,214,227,276,0 151,310,180,354,0 244,338,272,382,0 188,417,215,457,0 208,4,241,55,0 120,481,150,507,0 531,526,558,569,0 546,474,572,510,0 594,557,619,589,0 450,552,472,581,0 194,484,216,507,0 230,234,251,265,0 547,577,571,604,0 566,527,589,571,0 228,168,252,182,0
/content/strawberry-5/train/000000000489.jpg 9,20,639,639,0
/content/strawberry-5/train/000000000490.jpg 5,4,638,639,0
/content/strawberry-5/train/000000000491.jpg 49,14,639,639,0
/content/strawberry-5/train/000000000492.jpg 20,47,622,637,0
/content/strawberry-5/train/000000000493.jpg 0,0,640,640,0
/content/strawberry-5/train/000000000494.jpg 151,137,192,191,0 579,205,614,255,0 174,97,196,136,0 194,82,228,132,0 226,0,275,39,0 564,377,598,427,0 545,341,572,379,0 530,403,559,447,0 565,545,604,598,0 160,517,184,546,0 619,331,639,380,0 505,613,523,640,0 527,599,561,639,0 617,459,640,505,0 599,447,623,478,0 477,606,503,639,0
/content/strawberry-5/train/000000000495.jpg 0,10,630,630,0
/content/strawberry-5/train/000000000496.jpg 247,0,286,49,0 245,0,286,49,0 233,220,270,278,0 202,360,236,413,0 190,582,220,621,0 169,0,228,75,0 201,150,233,199,0 158,159,186,194,0 565,493,595,531,0 581,460,622,515,0 627,334,639,388,0 629,261,639,298,0 574,425,611,462,0 629,412,639,453,0 198,436,231,478,0 188,498,230,540,0 545,523,566,549,0 539,606,560,622,0
/content/strawberry-5/train/000000000497.jpg 7,0,640,639,0
/content/strawberry-5/train/000000000498.jpg 57,7,626,619,0
/content/strawberry-5/train/000000000499.jpg 5,30,627,640,0
/content/strawberry-5/train/000000000500.jpg 0,0,640,640,0
/content/strawberry-5/train/000000000501.jpg 182,117,230,182,0 163,368,200,418,0 192,234,240,292,0 204,287,250,344,0 152,153,181,191,0 212,9,251,52,0 536,398,576,450,0 480,574,508,608,0 536,514,574,564,0 566,530,589,561,0 562,424,597,474,0 620,347,640,385,0
/content/strawberry-5/train/000000000502.jpg 5,3,587,625,0 373,0,555,66,0 439,555,490,635,0
/content/strawberry-5/train/000000000503.jpg 44,35,596,630,0
/content/strawberry-5/train/000000000504.jpg 246,37,289,95,0 155,569,193,623,0 249,288,289,346,0 560,502,599,559,0 204,507,235,552,0 604,448,634,503,0 294,33,310,63,0 308,47,336,86,0 194,587,229,631,0 600,403,618,442,0 616,394,635,443,0 345,0,368,13,0 256,205,287,242,0 255,173,274,206,0
/content/strawberry-5/train/000000000505.jpg 0,0,640,639,0
/content/strawberry-5/train/000000000506.jpg 0,0,639,639,0 473,124,635,589,0
/content/strawberry-5/train/000000000507.jpg 17,13,640,640,0
/content/strawberry-5/train/000000000508.jpg 31,22,640,639,0
/content/strawberry-5/train/000000000509.jpg 19,20,592,603,0
/content/strawberry-5/train/000000000510.jpg 0,0,631,639,0
/content/strawberry-5/train/000000000511.jpg 0,0,633,639,0
/content/strawberry-5/train/000000000512.jpg 0,0,640,639,0
/content/strawberry-5/train/000000000513.jpg 0,28,634,639,0
/content/strawberry-5/train/000000000514.jpg 36,18,611,617,0
/content/strawberry-5/train/000000000515.jpg 2,10,595,628,0
/content/strawberry-5/train/000000000516.jpg 12,1,640,640,0 407,26,640,639,0 264,580,586,640,0
/content/strawberry-5/train/000000000517.jpg 0,41,637,640,0
/content/strawberry-5/train/000000000518.jpg 11,0,639,638,0
/content/strawberry-5/train/000000000519.jpg 47,0,639,619,0 485,482,639,598,0
/content/strawberry-5/train/000000000520.jpg 42,7,622,607,0
/content/strawberry-5/train/000000000521.jpg 2,24,604,631,0
/content/strawberry-5/train/000000000522.jpg 0,1,616,640,0
/content/strawberry-5/train/000000000523.jpg 28,91,607,617,0
/content/strawberry-5/train/000000000524.jpg 14,61,589,635,0
/content/strawberry-5/train/000000000525.jpg 46,23,627,623,0 446,536,640,634,0
/content/strawberry-5/train/000000000526.jpg 0,0,639,636,0
/content/strawberry-5/train/000000000527.jpg 0,0,639,624,0
/content/strawberry-5/train/000000000528.jpg 0,0,639,639,0
/content/strawberry-5/train/000000000529.jpg 15,0,619,639,0
/content/strawberry-5/train/000000000530.jpg 4,12,640,640,0
/content/strawberry-5/train/000000000531.jpg 19,58,622,623,0
/content/strawberry-5/train/000000000532.jpg 10,0,639,633,0
/content/strawberry-5/train/000000000533.jpg 0,27,627,639,0
/content/strawberry-5/train/000000000534.jpg 0,36,633,639,0
/content/strawberry-5/train/000000000535.jpg 14,21,610,626,0
/content/strawberry-5/train/000000000536.jpg 0,40,607,566,0
/content/strawberry-5/train/000000000537.jpg 8,0,639,639,0
/content/strawberry-5/train/000000000538.jpg 25,40,640,640,0
/content/strawberry-5/train/000000000539.jpg 22,21,627,590,0
/content/strawberry-5/train/000000000540.jpg 2,0,639,625,0
/content/strawberry-5/train/000000000541.jpg 16,32,621,627,0
/content/strawberry-5/train/000000000542.jpg 0,0,638,640,0
/content/strawberry-5/train/000000000543.jpg 12,3,640,633,0
/content/strawberry-5/train/000000000544.jpg 12,0,640,634,0
/content/strawberry-5/train/000000000545.jpg 10,71,623,613,0
/content/strawberry-5/train/000000000546.jpg 9,13,615,640,0
/content/strawberry-5/train/000000000547.jpg 0,30,632,633,0
/content/strawberry-5/train/000000000548.jpg 54,17,619,629,0
/content/strawberry-5/train/000000000549.jpg 0,5,637,613,0
/content/strawberry-5/train/000000000550.jpg 13,59,622,629,0
/content/strawberry-5/train/000000000551.jpg 0,0,640,632,0
/content/strawberry-5/train/000000000552.jpg 17,86,618,623,0
/content/strawberry-5/train/000000000553.jpg 0,101,603,640,0
/content/strawberry-5/train/000000000554.jpg 43,41,609,546,0
/content/strawberry-5/train/000000000555.jpg 26,38,637,639,0 457,429,639,640,0
/content/strawberry-5/train/000000000556.jpg 192,268,223,316,0 181,328,201,357,0 195,335,226,381,0 131,408,169,458,0 169,450,191,489,0 202,83,231,123,0 238,98,281,155,0 227,72,262,99,0 244,0,267,1,0 257,0,299,2,0 610,181,639,229,0 557,275,583,314,0 597,260,621,300,0 583,372,607,397,0 579,325,608,369,0 536,447,565,495,0 557,475,580,508,0 573,436,595,468,0 561,399,603,441,0 508,470,535,509,0 494,567,526,596,0 461,510,481,541,0 535,549,553,578,0 566,564,591,590,0 604,371,627,408,0 624,376,639,407,0
/content/strawberry-5/train/000000000557.jpg 0,0,639,637,0
/content/strawberry-5/train/000000000558.jpg 0,70,614,636,0 181,433,619,637,0
/content/strawberry-5/train/000000000559.jpg 187,113,240,186,0 113,237,141,277,0 568,298,616,360,0 206,18,246,42,0 477,469,499,501,0 542,514,576,561,0 496,572,517,605,0 505,593,540,640,0 560,555,586,591,0 167,258,196,292,0 184,224,207,256,0 175,184,203,222,0 131,501,165,523,0
/content/strawberry-5/train/000000000560.jpg 206,88,256,172,0 258,159,308,220,0 172,262,204,295,0 228,294,267,344,0 176,363,224,427,0 163,432,197,481,0 580,278,610,315,0 571,347,602,383,0 573,399,604,437,0 471,514,515,560,0 484,544,533,608,0 525,555,562,600,0 554,557,596,608,0 446,612,476,640,0 280,10,312,40,0 219,117,251,170,0 135,422,149,452,0 153,421,169,446,0
/content/strawberry-5/train/000000000561.jpg 1,31,566,636,0
/content/strawberry-5/train/000000000562.jpg 0,0,625,640,0
/content/strawberry-5/train/000000000563.jpg 0,7,628,640,0 0,329,120,640,0
/content/strawberry-5/train/000000000564.jpg 201,44,222,81,0 218,25,258,82,0 99,475,143,522,0 585,421,631,493,0 570,366,605,418,0 590,331,631,383,0 506,571,524,598,0 523,536,555,567,0 520,502,542,532,0 537,450,591,520,0 502,440,538,492,0 481,619,505,639,0 498,599,518,635,0 543,624,570,640,0 601,584,621,609,0 598,534,616,558,0 189,444,210,472,0 162,639,180,639,0 181,210,205,237,0 246,99,278,155,0 161,541,180,569,0
/content/strawberry-5/train/000000000565.jpg 0,0,640,640,0
/content/strawberry-5/train/000000000566.jpg 27,29,604,636,0
/content/strawberry-5/train/000000000567.jpg 17,45,636,595,0
/content/strawberry-5/train/000000000568.jpg 1,0,640,639,0
/content/strawberry-5/train/000000000569.jpg 18,17,616,623,0
/content/strawberry-5/train/000000000570.jpg 35,56,639,640,0
/content/strawberry-5/train/000000000571.jpg 0,17,628,639,0
/content/strawberry-5/train/000000000572.jpg 145,300,201,377,0 191,117,240,183,0 136,417,182,479,0 523,498,569,563,0 534,525,600,613,0 567,513,604,562,0 585,486,619,543,0 585,352,619,394,0 601,290,626,329,0 143,241,166,298,0 75,465,95,488,0 230,78,250,103,0 552,576,570,602,0
/content/strawberry-5/train/000000000573.jpg 517,478,543,512,0 535,439,575,499,0 245,0,277,38,0 171,0,221,67,0 144,168,165,185,0 147,160,167,172,0 188,145,219,190,0 162,112,178,129,0 164,356,199,397,0 154,430,186,474,0 134,576,165,616,0 606,241,636,277,0 620,209,637,246,0 596,316,629,352,0 532,408,563,441,0 593,392,624,435,0 145,502,180,536,0 479,589,503,604,0 522,582,548,599,0 203,212,247,273,0
/content/strawberry-5/train/000000000574.jpg 18,13,618,549,0
/content/strawberry-5/train/000000000575.jpg 0,11,628,592,0
/content/strawberry-5/train/000000000576.jpg 0,18,469,620,0
/content/strawberry-5/train/000000000577.jpg 96,7,628,623,0 0,417,235,640,0 498,96,639,206,0
/content/strawberry-5/train/000000000578.jpg 0,10,639,640,0
/content/strawberry-5/train/000000000579.jpg 9,55,619,631,0
/content/strawberry-5/train/000000000580.jpg 6,34,623,624,0
/content/strawberry-5/train/000000000581.jpg 8,4,624,638,0 0,0,390,134,0
/content/strawberry-5/train/000000000582.jpg 0,18,571,639,0 0,0,187,246,0
/content/strawberry-5/train/000000000583.jpg 181,398,226,458,0 273,197,332,260,0 320,16,361,65,0 251,568,289,617,0 338,61,382,117,0 304,53,337,99,0 334,227,366,265,0 232,357,267,394,0 217,326,246,368,0 297,520,313,547,0 617,537,639,569,0 610,607,635,639,0 312,367,346,408,0 305,370,327,401,0
/content/strawberry-5/train/000000000584.jpg 0,0,625,639,0
/content/strawberry-5/train/000000000585.jpg 46,28,633,640,0 489,3,639,142,0
/content/strawberry-5/train/000000000586.jpg 202,27,221,61,0 219,7,257,59,0 100,468,141,508,0 588,371,627,435,0 570,317,604,366,0 593,281,630,327,0 506,527,523,552,0 524,492,553,517,0 521,457,541,484,0 540,405,589,466,0 505,398,536,444,0 483,578,503,616,0 505,599,526,637,0 498,555,518,589,0 545,577,568,618,0 602,532,621,554,0 598,482,616,505,0 190,428,209,453,0 163,626,181,640,0 182,194,206,218,0 249,79,276,131,0 162,528,178,553,0
/content/strawberry-5/train/000000000587.jpg 1,8,624,639,0
/content/strawberry-5/train/000000000588.jpg 0,42,637,639,0 457,179,630,639,0
/content/strawberry-5/train/000000000589.jpg 28,20,626,635,0
/content/strawberry-5/train/000000000590.jpg 0,1,605,640,0
/content/strawberry-5/train/000000000591.jpg 254,305,278,339,0 265,268,300,314,0 245,560,280,608,0 261,161,288,195,0 243,105,270,158,0 302,54,326,88,0 320,10,348,42,0 622,533,640,560,0 608,501,633,527,0 631,482,639,519,0 639,428,639,455,0 170,543,192,573,0 163,613,177,639,0 181,575,201,610,0 279,312,319,363,0 220,468,235,496,0 249,463,269,494,0 231,485,264,515,0 630,566,640,594,0 252,159,269,179,0
/content/strawberry-5/train/000000000592.jpg 98,0,607,620,0
/content/strawberry-5/train/000000000593.jpg 30,67,614,610,0 0,307,197,639,0
/content/strawberry-5/train/000000000594.jpg 190,402,226,453,0 296,77,337,138,0 231,427,272,487,0 240,346,271,392,0 243,304,271,345,0 502,590,528,633,0 597,509,621,542,0 542,538,568,578,0 570,487,595,523,0 616,473,640,520,0
/content/strawberry-5/train/000000000595.jpg 0,12,614,631,0 475,3,640,234,0
/content/strawberry-5/train/000000000596.jpg 24,0,628,622,0
/content/strawberry-5/train/000000000597.jpg 0,1,639,640,0
/content/strawberry-5/train/000000000598.jpg 35,33,601,618,0
/content/strawberry-5/train/000000000599.jpg 0,3,630,634,0
/content/strawberry-5/train/000000000600.jpg 0,0,640,640,0
/content/strawberry-5/train/000000000601.jpg 0,1,623,640,0
/content/strawberry-5/train/000000000602.jpg 34,25,632,575,0
/content/strawberry-5/train/000000000603.jpg 42,56,600,619,0
/content/strawberry-5/train/000000000604.jpg 48,21,640,634,0 0,0,131,103,0 413,481,640,637,0
/content/strawberry-5/train/000000000605.jpg 12,17,619,631,0
/content/strawberry-5/train/000000000606.jpg 0,0,640,640,0
/content/strawberry-5/train/000000000607.jpg 43,19,598,613,0
/content/strawberry-5/train/000000000608.jpg 2,35,640,639,0 7,300,222,640,0
/content/strawberry-5/train/000000000609.jpg 21,5,612,626,0
/content/strawberry-5/train/000000000610.jpg 0,21,632,639,0
/content/strawberry-5/train/000000000611.jpg 9,16,603,620,0
/content/strawberry-5/train/000000000612.jpg 43,335,95,404,0 35,154,101,234,0 477,433,513,482,0 106,9,163,80,0 511,362,546,409,0 118,260,157,311,0 165,27,210,87,0 140,150,176,210,0 82,378,121,423,0 0,590,25,636,0 34,454,58,492,0
/content/strawberry-5/train/000000000613.jpg 0,16,619,640,0
/content/strawberry-5/train/000000000614.jpg 0,0,607,624,0
/content/strawberry-5/train/000000000615.jpg 103,0,640,634,0
/content/strawberry-5/train/000000000616.jpg 33,46,612,637,0 450,425,640,635,0
/content/strawberry-5/train/000000000617.jpg 0,13,585,640,0
